1 0 1
2 7 8
2 12 8
2 14 15
2 19 20
2 24 20
2 26 27
2 31 20
2 33 20
2 36 27
2 43 27
2 46 27
2 50 20
2 52 27
2 54 27
2 56 20
2 58 27
2 62 27
2 64 27
2 66 27
2 68 27
2 70 27
2 72 27
2 75 27
2 77 27
2 80 27
2 83 27
2 86 27
2 89 27
2 92 27
2 96 20
2 102 20
2 115 116
2 120 116
2 122 123
2 127 20
2 131 116
2 134 123
2 140 123
2 142 123
2 144 20
2 147 20
2 149 123
2 151 123
2 153 123
2 156 123
2 158 123
2 161 123
2 163 123
2 165 123
2 167 123
2 170 123
2 172 123
2 175 123
2 178 123
2 181 123
2 184 123
2 187 123
2 191 116
2 197 20
2 203 20
2 207 116
2 214 20
2 218 116
2 224 116
2 232 15
2 234 15
2 236 20
2 239 20
2 241 15
2 245 15
2 247 15
2 249 15
2 252 15
2 254 15
2 257 15
2 259 15
2 261 15
2 263 15
2 266 15
2 268 15
2 271 15
2 274 15
2 277 15
2 280 15
2 283 15
2 290 20
2 293 20
2 297 116
2 302 303
2 307 303
2 309 310
2 314 20
2 318 116
2 326 310
2 328 310
2 330 20
2 333 20
2 335 310
2 339 310
2 341 310
2 343 310
2 346 310
2 348 310
2 351 310
2 353 310
2 355 310
2 357 310
2 360 310
2 362 310
2 365 310
2 368 310
2 371 310
2 374 310
2 377 310
2 384 20
2 387 20
2 391 116
2 396 303
2 428 8
2 434 8
2 438 8
2 449 8
2 452 8
2 455 20
2 457 8
2 460 20
2 462 8
2 467 8
2 469 8
2 474 20
2 476 8
2 479 8
2 480 8
2 483 8
2 484 8
2 497 8
2 498 8
2 499 20
2 501 8
2 504 20
2 506 8
2 508 8
2 510 8
2 515 20
2 517 8
2 520 8
2 521 8
2 523 8
2 524 8
2 526 8
2 530 8
2 533 8
2 534 8
3 7 9
3 12 9
3 14 16
3 19 21
3 24 21
3 26 28
3 31 21
3 33 21
3 36 28
3 43 28
3 46 28
3 50 21
3 52 28
3 54 28
3 56 21
3 58 28
3 62 28
3 64 28
3 66 28
3 68 28
3 70 28
3 72 28
3 75 28
3 77 28
3 80 28
3 83 28
3 86 28
3 89 28
3 92 28
3 96 21
3 102 21
3 115 117
3 120 117
3 122 124
3 127 21
3 131 117
3 134 124
3 140 124
3 142 124
3 144 21
3 147 21
3 149 124
3 151 124
3 153 124
3 156 124
3 158 124
3 161 124
3 163 124
3 165 124
3 167 124
3 170 124
3 172 124
3 175 124
3 178 124
3 181 124
3 184 124
3 187 124
3 191 117
3 197 21
3 203 21
3 207 117
3 214 21
3 218 117
3 224 117
3 232 16
3 234 16
3 236 21
3 239 21
3 241 16
3 245 16
3 247 16
3 249 16
3 252 16
3 254 16
3 257 16
3 259 16
3 261 16
3 263 16
3 266 16
3 268 16
3 271 16
3 274 16
3 277 16
3 280 16
3 283 16
3 290 21
3 293 21
3 297 117
3 302 304
3 307 304
3 309 311
3 314 21
3 318 117
3 326 311
3 328 311
3 330 21
3 333 21
3 335 311
3 339 311
3 341 311
3 343 311
3 346 311
3 348 311
3 351 311
3 353 311
3 355 311
3 357 311
3 360 311
3 362 311
3 365 311
3 368 311
3 371 311
3 374 311
3 377 311
3 384 21
3 387 21
3 391 117
3 396 304
3 428 9
3 434 9
3 438 9
3 449 9
3 452 9
3 455 21
3 457 9
3 460 21
3 462 9
3 467 9
3 469 9
3 474 21
3 476 9
3 479 9
3 480 9
3 483 9
3 484 9
3 497 9
3 498 9
3 499 21
3 501 9
3 504 21
3 506 9
3 508 9
3 510 9
3 515 21
3 517 9
3 520 9
3 521 9
3 523 9
3 524 9
3 526 9
3 530 9
3 533 9
3 534 9
4 19 221
4 31 32
4 127 128
4 203 204
4 214 215
4 293 294
4 314 315
4 387 388
5 7 13
5 12 13
5 14 13
5 19 25
5 24 25
5 26 25
5 31 25
5 33 25
5 36 25
5 43 44
5 46 47
5 50 25
5 52 25
5 54 25
5 56 25
5 58 25
5 62 25
5 64 25
5 66 25
5 68 25
5 70 25
5 72 25
5 75 25
5 77 25
5 80 25
5 83 25
5 86 25
5 89 25
5 92 25
5 96 25
5 102 25
5 115 121
5 120 121
5 122 121
5 127 25
5 131 121
5 134 121
5 140 141
5 142 143
5 144 25
5 147 25
5 149 121
5 151 121
5 153 121
5 156 121
5 158 121
5 161 121
5 163 121
5 165 121
5 167 121
5 170 121
5 172 121
5 175 121
5 178 121
5 181 121
5 184 121
5 187 121
5 191 121
5 197 25
5 203 25
5 207 121
5 214 25
5 218 121
5 224 121
5 232 233
5 234 235
5 236 25
5 239 25
5 241 13
5 245 13
5 247 13
5 249 13
5 252 13
5 254 13
5 257 13
5 259 13
5 261 13
5 263 13
5 266 13
5 268 13
5 271 13
5 274 13
5 277 13
5 280 13
5 283 13
5 290 25
5 293 25
5 297 121
5 302 308
5 307 308
5 309 308
5 314 25
5 318 121
5 326 327
5 328 329
5 330 25
5 333 25
5 335 308
5 339 308
5 341 308
5 343 308
5 346 308
5 348 308
5 351 308
5 353 308
5 355 308
5 357 308
5 360 308
5 362 308
5 365 308
5 368 308
5 371 308
5 374 308
5 377 308
5 384 25
5 387 25
5 391 121
5 396 308
5 428 13
5 434 13
5 438 13
5 449 13
5 452 13
5 455 25
5 457 13
5 460 25
5 462 13
5 467 13
5 469 13
5 474 25
5 476 13
5 479 13
5 480 13
5 483 13
5 484 13
5 497 13
5 498 13
5 499 25
5 501 13
5 504 25
5 506 13
5 508 13
5 510 13
5 515 25
5 517 13
5 520 13
5 521 13
5 523 13
5 524 13
5 526 13
5 530 13
5 533 13
5 534 13
6 7 14
6 12 14
6 14 14
6 19 26
6 24 26
6 26 26
6 31 26
6 33 26
6 36 26
6 43 26
6 46 26
6 50 26
6 52 26
6 54 26
6 56 26
6 58 26
6 62 26
6 64 26
6 66 26
6 68 26
6 70 26
6 72 26
6 75 26
6 77 26
6 80 26
6 83 26
6 86 26
6 89 26
6 92 26
6 96 26
6 102 26
6 115 122
6 120 122
6 122 122
6 127 26
6 131 122
6 134 122
6 140 122
6 142 122
6 144 26
6 147 26
6 149 122
6 151 122
6 153 122
6 156 122
6 158 122
6 161 122
6 163 122
6 165 122
6 167 122
6 170 122
6 172 122
6 175 122
6 178 122
6 181 122
6 184 122
6 187 122
6 191 122
6 197 26
6 203 26
6 207 122
6 214 26
6 218 122
6 224 122
6 232 14
6 234 14
6 236 26
6 239 26
6 241 14
6 245 14
6 247 14
6 249 14
6 252 14
6 254 14
6 257 14
6 259 14
6 261 14
6 263 14
6 266 14
6 268 14
6 271 14
6 274 14
6 277 14
6 280 14
6 283 14
6 290 26
6 293 26
6 297 122
6 302 309
6 307 309
6 309 309
6 314 26
6 318 122
6 326 309
6 328 309
6 330 26
6 333 26
6 335 309
6 339 309
6 341 309
6 343 309
6 346 309
6 348 309
6 351 309
6 353 309
6 355 309
6 357 309
6 360 309
6 362 309
6 365 309
6 368 309
6 371 309
6 374 309
6 377 309
6 384 26
6 387 26
6 391 122
6 396 309
6 428 14
6 434 14
6 438 14
6 449 14
6 452 14
6 455 26
6 457 14
6 460 26
6 462 14
6 467 14
6 469 14
6 474 26
6 476 14
6 479 14
6 480 14
6 483 14
6 484 14
6 497 14
6 498 14
6 499 26
6 501 14
6 504 26
6 506 14
6 508 14
6 510 14
6 515 26
6 517 14
6 520 14
6 521 14
6 523 14
6 524 14
6 526 14
6 530 14
6 533 14
6 534 14
7 7 243
7 12 243
7 14 227
7 19 34
7 24 34
7 26 212
7 31 34
7 33 34
7 36 37
7 50 34
7 52 34
7 54 55
7 56 34
7 58 59
7 62 34
7 64 34
7 66 67
7 68 34
7 70 34
7 72 34
7 75 34
7 77 34
7 80 34
7 83 34
7 86 34
7 89 34
7 92 34
7 96 34
7 102 34
7 115 132
7 120 132
7 122 201
7 127 34
7 131 132
7 134 135
7 144 34
7 147 34
7 149 150
7 151 152
7 153 154
7 156 132
7 158 132
7 161 132
7 163 132
7 165 132
7 167 132
7 170 132
7 172 132
7 175 132
7 178 132
7 181 132
7 184 132
7 187 132
7 191 132
7 197 34
7 203 34
7 207 132
7 214 34
7 218 132
7 224 132
7 236 34
7 239 34
7 241 242
7 245 246
7 247 248
7 249 250
7 252 243
7 254 243
7 257 243
7 259 243
7 261 243
7 263 243
7 266 243
7 268 243
7 271 243
7 274 243
7 277 243
7 280 243
7 283 243
7 290 34
7 293 34
7 297 132
7 302 337
7 307 337
7 309 321
7 314 34
7 318 132
7 330 34
7 333 34
7 335 336
7 339 340
7 341 342
7 343 344
7 346 337
7 348 337
7 351 337
7 353 337
7 355 337
7 357 337
7 360 337
7 362 337
7 365 337
7 368 337
7 371 337
7 374 337
7 377 337
7 384 34
7 387 34
7 391 132
7 396 337
7 428 243
7 434 243
7 438 243
7 449 243
7 452 243
7 455 34
7 457 243
7 460 34
7 462 243
7 467 243
7 469 243
7 474 34
7 476 243
7 479 243
7 480 243
7 483 243
7 484 243
7 497 243
7 498 243
7 499 34
7 501 243
7 504 34
7 506 243
7 508 243
7 510 243
7 515 34
7 517 243
7 520 243
7 521 243
7 523 243
7 524 243
7 526 243
7 530 243
7 533 243
7 534 243
8 0 2
8 1 2
8 56 57
8 102 57
8 147 148
8 197 148
8 239 240
8 290 240
8 333 334
8 384 334
8 400 401
8 407 401
8 424 401
8 428 429
8 479 429
8 483 429
8 520 429
8 523 429
8 533 429
9 0 405
9 1 405
9 56 60
9 102 60
9 106 107
9 147 60
9 197 60
9 239 60
9 290 60
9 333 60
9 384 60
9 400 405
9 407 405
9 410 411
9 424 405
9 428 405
9 479 405
9 483 405
9 520 405
9 523 405
9 533 405
10 7 244
10 12 244
10 19 35
10 24 35
10 31 35
10 33 35
10 50 35
10 52 53
10 56 35
10 62 35
10 64 65
10 68 35
10 70 35
10 72 35
10 75 35
10 77 35
10 80 35
10 83 35
10 86 35
10 89 35
10 92 35
10 96 35
10 102 35
10 115 133
10 120 133
10 127 35
10 131 133
10 144 35
10 147 35
10 156 157
10 158 159
10 161 133
10 163 133
10 165 133
10 167 133
10 170 133
10 172 133
10 175 133
10 178 133
10 181 133
10 184 133
10 187 133
10 191 133
10 197 35
10 203 35
10 207 133
10 214 35
10 218 133
10 224 133
10 236 35
10 239 35
10 252 253
10 254 255
10 257 244
10 259 244
10 261 244
10 263 244
10 266 244
10 268 244
10 271 244
10 274 244
10 277 244
10 280 244
10 283 244
10 290 35
10 293 35
10 297 133
10 302 338
10 307 338
10 314 35
10 318 133
10 330 35
10 333 35
10 346 347
10 348 349
10 351 338
10 353 338
10 355 338
10 357 338
10 360 338
10 362 338
10 365 338
10 368 338
10 371 338
10 374 338
10 377 338
10 384 35
10 387 35
10 391 133
10 396 338
10 428 244
10 434 244
10 438 244
10 449 244
10 452 244
10 455 35
10 457 244
10 460 35
10 462 244
10 467 244
10 469 244
10 474 35
10 476 244
10 479 244
10 480 244
10 483 244
10 484 244
10 497 244
10 498 244
10 499 35
10 501 244
10 504 35
10 506 244
10 508 244
10 510 244
10 515 35
10 517 244
10 520 244
10 521 244
10 523 244
10 524 244
10 526 244
10 530 244
10 533 244
10 534 244
11 7 251
11 12 251
11 19 51
11 24 51
11 31 51
11 33 51
11 50 51
11 56 51
11 62 63
11 68 69
11 70 71
11 72 73
11 75 51
11 77 51
11 80 51
11 83 51
11 86 51
11 89 51
11 92 51
11 96 51
11 102 51
11 115 155
11 120 155
11 127 51
11 131 155
11 144 51
11 147 51
11 161 162
11 163 164
11 165 166
11 167 168
11 170 155
11 172 155
11 175 155
11 178 155
11 181 155
11 184 155
11 187 155
11 191 155
11 197 51
11 203 51
11 207 155
11 214 51
11 218 155
11 224 155
11 236 51
11 239 51
11 257 258
11 259 260
11 261 262
11 263 264
11 266 251
11 268 251
11 271 251
11 274 251
11 277 251
11 280 251
11 283 251
11 290 51
11 293 51
11 297 155
11 302 345
11 307 345
11 314 51
11 318 155
11 330 51
11 333 51
11 351 352
11 353 354
11 355 356
11 357 358
11 360 345
11 362 345
11 365 345
11 368 345
11 371 345
11 374 345
11 377 345
11 384 51
11 387 51
11 391 155
11 396 345
11 428 251
11 434 251
11 438 251
11 449 251
11 452 251
11 455 51
11 457 251
11 460 51
11 462 251
11 467 251
11 469 251
11 474 51
11 476 251
11 479 251
11 480 251
11 483 251
11 484 251
11 497 251
11 498 251
11 499 51
11 501 251
11 504 51
11 506 251
11 508 251
11 510 251
11 515 51
11 517 251
11 520 251
11 521 251
11 523 251
11 524 251
11 526 251
11 530 251
11 533 251
11 534 251
12 7 256
12 12 256
12 19 61
12 24 61
12 31 61
12 33 61
12 50 61
12 56 61
12 75 76
12 77 78
12 80 61
12 83 61
12 86 61
12 89 61
12 92 61
12 96 61
12 102 61
12 115 160
12 120 160
12 127 61
12 131 160
12 144 61
12 147 61
12 170 171
12 172 173
12 175 160
12 178 160
12 181 160
12 184 160
12 187 160
12 191 160
12 197 61
12 203 61
12 207 160
12 214 61
12 218 160
12 224 160
12 236 61
12 239 61
12 266 267
12 268 269
12 271 256
12 274 256
12 277 256
12 280 256
12 283 256
12 290 61
12 293 61
12 297 160
12 302 350
12 307 350
12 314 61
12 318 160
12 330 61
12 333 61
12 360 361
12 362 363
12 365 350
12 368 350
12 371 350
12 374 350
12 377 350
12 384 61
12 387 61
12 391 160
12 396 350
12 428 256
12 434 256
12 438 256
12 449 256
12 452 256
12 455 61
12 457 256
12 460 61
12 462 256
12 467 256
12 469 256
12 474 61
12 476 256
12 479 256
12 480 256
12 483 256
12 484 256
12 497 256
12 498 256
12 499 61
12 501 256
12 504 61
12 506 256
12 508 256
12 510 256
12 515 61
12 517 256
12 520 256
12 521 256
12 523 256
12 524 256
12 526 256
12 530 256
12 533 256
12 534 256
13 7 265
13 12 265
13 19 74
13 24 74
13 31 74
13 33 74
13 50 74
13 56 74
13 80 81
13 83 74
13 86 74
13 89 74
13 92 74
13 96 74
13 102 74
13 115 169
13 120 169
13 127 74
13 131 169
13 144 74
13 147 74
13 175 176
13 178 169
13 181 169
13 184 169
13 187 169
13 191 169
13 197 74
13 203 74
13 207 169
13 214 74
13 218 169
13 224 169
13 236 74
13 239 74
13 271 272
13 274 265
13 277 265
13 280 265
13 283 265
13 290 74
13 293 74
13 297 169
13 302 359
13 307 359
13 314 74
13 318 169
13 330 74
13 333 74
13 365 366
13 368 359
13 371 359
13 374 359
13 377 359
13 384 74
13 387 74
13 391 169
13 396 359
13 428 265
13 434 265
13 438 265
13 449 265
13 452 265
13 455 74
13 457 265
13 460 74
13 462 265
13 467 265
13 469 265
13 474 74
13 476 265
13 479 265
13 480 265
13 483 265
13 484 265
13 497 265
13 498 265
13 499 74
13 501 265
13 504 74
13 506 265
13 508 265
13 510 265
13 515 74
13 517 265
13 520 265
13 521 265
13 523 265
13 524 265
13 526 265
13 530 265
13 533 265
13 534 265
14 7 270
14 12 270
14 19 79
14 24 79
14 31 79
14 33 79
14 50 79
14 56 79
14 83 84
14 86 79
14 89 79
14 92 79
14 96 79
14 102 79
14 115 174
14 120 174
14 127 79
14 131 174
14 144 79
14 147 79
14 178 179
14 181 174
14 184 174
14 187 174
14 191 174
14 197 79
14 203 79
14 207 174
14 214 79
14 218 174
14 224 174
14 236 79
14 239 79
14 274 275
14 277 270
14 280 270
14 283 270
14 290 79
14 293 79
14 297 174
14 302 364
14 307 364
14 314 79
14 318 174
14 330 79
14 333 79
14 368 369
14 371 364
14 374 364
14 377 364
14 384 79
14 387 79
14 391 174
14 396 364
14 428 270
14 434 270
14 438 270
14 449 270
14 452 270
14 455 79
14 457 270
14 460 79
14 462 270
14 467 270
14 469 270
14 474 79
14 476 270
14 479 270
14 480 270
14 483 270
14 484 270
14 497 270
14 498 270
14 499 79
14 501 270
14 504 79
14 506 270
14 508 270
14 510 270
14 515 79
14 517 270
14 520 270
14 521 270
14 523 270
14 524 270
14 526 270
14 530 270
14 533 270
14 534 270
15 7 273
15 12 273
15 19 82
15 24 82
15 31 82
15 33 82
15 50 82
15 56 82
15 86 87
15 89 82
15 92 82
15 96 82
15 102 82
15 115 177
15 120 177
15 127 82
15 131 177
15 144 82
15 147 82
15 181 182
15 184 177
15 187 177
15 191 177
15 197 82
15 203 82
15 207 177
15 214 82
15 218 177
15 224 177
15 236 82
15 239 82
15 277 278
15 280 273
15 283 273
15 290 82
15 293 82
15 297 177
15 302 367
15 307 367
15 314 82
15 318 177
15 330 82
15 333 82
15 371 372
15 374 367
15 377 367
15 384 82
15 387 82
15 391 177
15 396 367
15 428 273
15 434 273
15 438 273
15 449 273
15 452 273
15 455 82
15 457 273
15 460 82
15 462 273
15 467 273
15 469 273
15 474 82
15 476 273
15 479 273
15 480 273
15 483 273
15 484 273
15 497 273
15 498 273
15 499 82
15 501 273
15 504 82
15 506 273
15 508 273
15 510 273
15 515 82
15 517 273
15 520 273
15 521 273
15 523 273
15 524 273
15 526 273
15 530 273
15 533 273
15 534 273
16 7 276
16 12 276
16 19 85
16 24 85
16 31 85
16 33 85
16 50 85
16 56 85
16 89 90
16 92 85
16 96 85
16 102 85
16 115 180
16 120 180
16 127 85
16 131 180
16 144 85
16 147 85
16 184 185
16 187 180
16 191 180
16 197 85
16 203 85
16 207 180
16 214 85
16 218 180
16 224 180
16 236 85
16 239 85
16 280 281
16 283 276
16 290 85
16 293 85
16 297 180
16 302 370
16 307 370
16 314 85
16 318 180
16 330 85
16 333 85
16 374 375
16 377 370
16 384 85
16 387 85
16 391 180
16 396 370
16 428 276
16 434 276
16 438 276
16 449 276
16 452 276
16 455 85
16 457 276
16 460 85
16 462 276
16 467 276
16 469 276
16 474 85
16 476 276
16 479 276
16 480 276
16 483 276
16 484 276
16 497 276
16 498 276
16 499 85
16 501 276
16 504 85
16 506 276
16 508 276
16 510 276
16 515 85
16 517 276
16 520 276
16 521 276
16 523 276
16 524 276
16 526 276
16 530 276
16 533 276
16 534 276
17 7 279
17 12 279
17 19 88
17 24 88
17 31 88
17 33 88
17 50 88
17 56 88
17 92 93
17 96 88
17 102 88
17 115 183
17 120 183
17 127 88
17 131 183
17 144 88
17 147 88
17 187 188
17 191 183
17 197 88
17 203 88
17 207 183
17 214 88
17 218 183
17 224 183
17 236 88
17 239 88
17 283 284
17 290 88
17 293 88
17 297 183
17 302 373
17 307 373
17 314 88
17 318 183
17 330 88
17 333 88
17 377 378
17 384 88
17 387 88
17 391 183
17 396 373
17 428 279
17 434 279
17 438 279
17 449 279
17 452 279
17 455 88
17 457 279
17 460 88
17 462 279
17 467 279
17 469 279
17 474 88
17 476 279
17 479 279
17 480 279
17 483 279
17 484 279
17 497 279
17 498 279
17 499 88
17 501 279
17 504 88
17 506 279
17 508 279
17 510 279
17 515 88
17 517 279
17 520 279
17 521 279
17 523 279
17 524 279
17 526 279
17 530 279
17 533 279
17 534 279
18 7 282
18 12 282
18 19 91
18 24 91
18 31 91
18 33 91
18 50 91
18 56 91
18 96 91
18 102 91
18 115 186
18 120 186
18 127 91
18 131 186
18 144 91
18 147 91
18 191 186
18 197 91
18 203 91
18 207 186
18 214 91
18 218 186
18 224 186
18 236 91
18 239 91
18 290 91
18 293 91
18 297 186
18 302 376
18 307 376
18 314 91
18 318 186
18 330 91
18 333 91
18 384 91
18 387 91
18 391 186
18 396 376
18 428 282
18 434 282
18 438 282
18 449 282
18 452 282
18 455 91
18 457 282
18 460 91
18 462 282
18 467 282
18 469 282
18 474 91
18 476 282
18 479 282
18 480 282
18 483 282
18 484 282
18 497 282
18 498 282
18 499 91
18 501 282
18 504 91
18 506 282
18 508 282
18 510 282
18 515 91
18 517 282
18 520 282
18 521 282
18 523 282
18 524 282
18 526 282
18 530 282
18 533 282
18 534 282
19 7 300
19 12 285
19 19 113
19 24 213
19 31 113
19 33 111
19 50 94
19 56 94
19 96 97
19 102 94
19 115 189
19 120 202
19 127 113
19 131 189
19 144 94
19 147 94
19 191 192
19 197 94
19 203 113
19 207 189
19 214 113
19 218 189
19 224 189
19 236 94
19 239 94
19 290 94
19 293 113
19 297 189
19 302 394
19 307 379
19 314 113
19 318 189
19 330 94
19 333 94
19 384 94
19 387 113
19 391 189
19 396 397
19 428 432
19 434 435
19 438 432
19 449 432
19 452 432
19 455 94
19 457 432
19 460 94
19 462 432
19 467 432
19 469 432
19 474 94
19 476 432
19 479 432
19 480 432
19 483 432
19 484 432
19 497 432
19 498 432
19 499 94
19 501 432
19 504 94
19 506 432
19 508 432
19 510 432
19 515 94
19 517 432
19 520 432
19 521 432
19 523 432
19 524 432
19 526 432
19 530 432
19 533 432
19 534 432
20 50 95
20 56 95
20 102 103
20 115 210
20 131 190
20 144 145
20 147 145
20 197 198
20 207 208
20 218 219
20 224 225
20 236 237
20 239 237
20 290 291
20 297 298
20 318 319
20 330 331
20 333 331
20 384 385
20 391 392
20 428 433
20 438 433
20 449 450
20 452 453
20 455 456
20 457 433
20 460 461
20 462 463
20 467 433
20 469 470
20 474 475
20 476 433
20 479 433
20 480 433
20 483 433
20 484 433
20 497 450
20 498 453
20 499 500
20 501 463
20 504 505
20 506 463
20 508 463
20 510 511
20 515 516
20 517 463
20 520 433
20 521 433
20 523 433
20 524 433
20 526 463
20 530 433
20 533 433
20 534 433
21 426 427
21 428 437
21 438 437
21 457 437
21 462 465
21 467 437
21 476 437
21 479 437
21 480 437
21 483 437
21 484 437
21 501 465
21 506 465
21 508 465
21 517 465
21 520 437
21 521 437
21 523 437
21 524 437
21 526 465
21 530 437
21 533 437
21 534 437
21 537 538
22 428 438
22 479 480
22 483 484
22 520 521
22 523 524
22 533 534
23 428 482
23 438 439
23 457 458
23 462 466
23 467 468
23 476 477
23 479 482
23 480 439
23 483 482
23 484 439
23 501 502
23 506 507
23 508 509
23 517 518
23 520 482
23 521 439
23 523 482
23 524 439
23 526 527
23 530 531
23 533 482
23 534 439
24 428 440
24 438 440
24 449 452
24 452 455
24 457 440
24 462 488
24 467 440
24 476 440
24 479 440
24 480 440
24 483 440
24 484 440
24 497 498
24 498 499
24 501 488
24 506 488
24 508 488
24 517 488
24 520 440
24 521 440
24 523 440
24 524 440
24 526 488
24 530 440
24 533 440
24 534 440
25 428 441
25 438 441
25 457 441
25 462 489
25 467 441
25 476 441
25 479 441
25 480 441
25 483 441
25 484 441
25 501 489
25 506 489
25 508 489
25 517 489
25 520 441
25 521 441
25 523 441
25 524 441
25 526 489
25 530 441
25 533 441
25 534 441
26 428 442
26 438 442
26 457 442
26 462 490
26 467 442
26 476 442
26 479 442
26 480 442
26 483 442
26 484 442
26 501 490
26 506 490
26 508 490
26 517 490
26 520 442
26 521 442
26 523 442
26 524 442
26 526 490
26 530 442
26 533 442
26 534 442
27 428 443
27 438 443
27 457 443
27 462 491
27 467 443
27 476 443
27 479 443
27 480 443
27 483 443
27 484 443
27 501 491
27 506 491
27 508 491
27 517 491
27 520 443
27 521 443
27 523 443
27 524 443
27 526 491
27 530 443
27 533 443
27 534 443
28 0 542
28 1 539
29 0 540
29 1 540
30 400 406
30 424 425
31 400 415
31 407 408
31 424 415
32 428 533
32 479 483
32 520 523
33 0 541
33 1 541
33 428 487
33 479 487
33 483 486
33 520 487
33 523 486
33 533 486
34 2 3
34 429 430
35 2 422
35 4 5
35 429 422
36 2 6
36 4 6
36 429 6
37 7 301
38 302 395
